65488966543215465456132154654531
010101000000000000000001
11010100000000000000000001101000
01010100000000000000000000001000
01010100000000000000000000011000
11010100000000000000000001101000
01010100000000000000000000001000
01010100000000000000000000011000
11010100000000000000000001101000
01010100000000000000000000001000
01010100000000000000000000011000
11010100000000000000000001101000
01010100000000000000000000001000
01010100000000000000000000011000
11010100000000000000000001101000
01010100000000000000000000001000
01010100000000000000000000011000
11010100000000000000000001101000
01010100000000000000000000001000
01010100000000000000000000011000
11010100000000000000000001101000
01010100000000000000000000001000
01010100000000000000000000011000
11010100000000000000000001101000
01010100000000000000000000001000
01010100000000000000000000011000
11010100000000000000000001101000
01010100000000000000000000001000
01010100000000000000000000011000
11010100000000000000000001101000
01010100000000000000000000001000
01010100000000000000000000011000
11010100000000000000000001101000